0.000000000000
0.020408163265
0.040816326531
0.061224489796
0.081632653061
0.102040816327
0.122448979592
0.142857142857
0.163265306122
0.183673469388
0.204081632653
0.224489795918
0.244897959184
0.265306122449
0.285714285714
0.306122448980
0.326530612245
0.346938775510
0.367346938776
0.387755102041
0.408163265306
0.428571428571
0.448979591837
0.469387755102
0.489795918367
0.510204081633
0.530612244898
0.551020408163
0.571428571429
0.591836734694
0.612244897959
0.632653061224
0.653061224490
0.673469387755
0.693877551020
0.714285714286
0.734693877551
0.755102040816
0.775510204082
0.795918367347
0.816326530612
0.836734693878
0.857142857143
0.877551020408
0.897959183673
0.918367346939
0.938775510204
0.959183673469
0.979591836735
1.000000000000
